Model: CNN
Stage: train
train_time: 234.72666025161743

Model: CNN
Stage: validation
eval_time: 2.4260246753692627
evals.accuracy: 0.8901111111111111
evals.precision: 0.889681800234786
evals.recall: 0.8901111111111111
evals.f1: 0.8896234332045031
evals.cm: [[742   2  23  35   5   0  89   0   3   0]
 [  1 884   1  16   1   0   2   0   1   0]
 [  5   0 747   7  74   1  64   0   3   0]
 [ 11   5   7 840  27   0  13   0   2   0]
 [  2   1  59  24 770   0  65   0   3   0]
 [  0   0   0   1   0 899   0  11   2   3]
 [113   1  75  27  85   0 616   0   8   0]
 [  0   0   0   0   0  17   0 790   0  23]
 [  2   0  11   5   7   0   6   2 872   0]
 [  0   0   0   1   0  15   0  22   0 851]]
evals.class_probabilities: [[4.7390243e-09 6.5007486e-16 2.4044702e-10 ... 1.5459671e-08
  1.0000000e+00 2.5626568e-10]
 [1.1499612e-05 8.8087350e-12 2.7964687e-08 ... 6.0280448e-14
  9.9998391e-01 8.4820449e-12]
 [6.0716905e-12 1.6548293e-14 2.3269754e-11 ... 9.9994373e-01
  9.1343283e-10 9.0681084e-07]
 ...
 [3.1715178e-06 1.4434817e-08 1.3909651e-05 ... 2.5746983e-04
  2.6593331e-04 2.6934052e-07]
 [3.3496335e-08 2.1064928e-11 6.5413985e-08 ... 8.5194042e-06
  2.1215166e-05 5.5656614e-08]
 [9.3730845e-02 3.8042314e-02 1.3953802e-01 ... 1.0387602e-04
  5.4286849e-02 6.5831431e-05]]
evals.ovr: {np.uint8(0): 0.9896700430699791, np.uint8(1): 0.9992527100171221, np.uint8(2): 0.9856887553703825, np.uint8(3): 0.9948724913748682, np.uint8(4): 0.9853350690089174, np.uint8(5): 0.9994584699087529, np.uint8(6): 0.9644630240147268, np.uint8(7): 0.9989510551385469, np.uint8(8): 0.9990206081784335, np.uint8(9): 0.9992737161091209}
evals.ovo_best: [(np.uint8(0), np.uint8(5), 0.9999635694196851), (np.uint8(0), np.uint8(7), 0.9999973196456571), (np.uint8(0), np.uint8(9), 0.9999949950638817)]
evals.ovo_worst: [(np.uint8(0), np.uint8(6), 0.8769672007936746), (np.uint8(4), np.uint8(6), 0.9247279747279746), (np.uint8(2), np.uint8(6), 0.9215862255151934), (np.uint8(2), np.uint8(4), 0.9533130576415816), (np.uint8(3), np.uint8(4), 0.9786826433235273)]

Model: CNN
Stage: test
eval_time: 2.630857467651367
evals.accuracy: 0.8822
evals.precision: 0.8819166221074946
evals.recall: 0.8822
evals.f1: 0.8817262704302721
evals.cm: [[818   2  25  30   8   1 112   0   4   0]
 [  1 975   0  16   3   0   4   0   1   0]
 [ 12   0 823  13  88   0  62   0   2   0]
 [  8   5  16 903  38   0  27   0   3   0]
 [  0   1  69  26 835   0  67   0   2   0]
 [  0   0   0   0   0 975   0  17   1   7]
 [128   0  89  27 111   0 635   0  10   0]
 [  0   0   0   0   0  31   0 938   0  31]
 [  4   1   5   6   4   1   8   5 966   0]
 [  0   0   0   0   0  11   0  34   1 954]]
evals.class_probabilities: [[5.3780524e-10 7.8840684e-12 3.0044972e-10 ... 5.1903870e-04
  5.6090673e-08 9.8373657e-01]
 [3.2598031e-04 9.0080686e-11 9.9004060e-01 ... 9.3065105e-21
  4.6732830e-06 5.5147743e-18]
 [1.9122231e-14 1.0000000e+00 1.6591514e-14 ... 1.8029280e-24
  9.9017797e-20 5.2257954e-29]
 ...
 [1.8326378e-05 4.6009361e-13 1.1273698e-06 ... 8.2513374e-10
  9.9991822e-01 1.9637979e-13]
 [4.2878128e-09 9.9998796e-01 6.7438108e-09 ... 1.9172041e-13
  3.3676634e-12 1.0073780e-14]
 [7.5744401e-07 3.6631758e-09 8.6114159e-07 ... 2.5168916e-02
  1.0081602e-02 7.0376220e-05]]
evals.ovr: {np.uint8(0): 0.9883937777777778, np.uint8(1): 0.9991458888888889, np.uint8(2): 0.9835922222222222, np.uint8(3): 0.9945338888888889, np.uint8(4): 0.9839754444444445, np.uint8(5): 0.9995103333333333, np.uint8(6): 0.9580213333333333, np.uint8(7): 0.9985818888888889, np.uint8(8): 0.9985441111111111, np.uint8(9): 0.9988484444444444}
evals.ovo_best: [(np.uint8(0), np.uint8(7), 0.999988), (np.uint8(0), np.uint8(9), 0.999789), (np.uint8(1), np.uint8(2), 0.999295)]
evals.ovo_worst: [(np.uint8(0), np.uint8(6), 0.8540049999999999), (np.uint8(4), np.uint8(6), 0.9098620000000001), (np.uint8(2), np.uint8(4), 0.9475779999999999), (np.uint8(2), np.uint8(6), 0.9082769999999999), (np.uint8(7), np.uint8(9), 0.9935680000000001)]

