Model: kNN
Stage: train
train_time: 0.00933527946472168

Model: kNN
Stage: validation
eval_time: 21.846105575561523
evals.accuracy: 0.8485555555555555
evals.precision: 0.8518505535144103
evals.recall: 0.8485555555555555
evals.f1: 0.8476630797526208
evals.cm: [[783   0  14  18   2   0  76   0   6   0]
 [  3 882   3  14   0   0   3   0   1   0]
 [ 20   0 738   5  77   0  60   1   0   0]
 [ 61   4  13 772  37   0  16   0   2   0]
 [  3   1 115  34 679   0  87   0   5   0]
 [  0   0   0   3   0 753   6  88   3  63]
 [173   0 128  21  67   0 528   0   8   0]
 [  0   0   0   0   0   1   0 781   0  48]
 [  9   0  13   2   9   0   9   3 859   1]
 [  0   0   0   0   0   1   1  25   0 862]]
evals.class_probabilities: [[0.         0.         0.         ... 0.         1.         0.        ]
 [0.         0.         0.         ... 0.         1.         0.        ]
 [0.         0.         0.         ... 1.         0.         0.        ]
 ...
 [0.         0.         0.         ... 0.         0.         0.        ]
 [0.         0.         0.         ... 0.         0.         0.        ]
 [0.         0.         0.         ... 0.         0.66666667 0.        ]]
evals.ovr: {np.uint8(0): 0.9604295683568913, np.uint8(1): 0.9899958599044015, np.uint8(2): 0.9398821383382856, np.uint8(3): 0.9637601138415024, np.uint8(4): 0.9297591441907935, np.uint8(5): 0.960348653548224, np.uint8(6): 0.865319655258974, np.uint8(7): 0.9873783014555162, np.uint8(8): 0.9812588085544928, np.uint8(9): 0.9907071858281308}
evals.ovo_best: [(np.uint8(0), np.uint8(5), 0.9606986899563319), (np.uint8(0), np.uint8(7), 0.991566265060241), (np.uint8(0), np.uint8(9), 0.9938132733408325)]
evals.ovo_worst: [(np.uint8(0), np.uint8(6), 0.8114523644890719), (np.uint8(2), np.uint8(4), 0.8864555256064691), (np.uint8(2), np.uint8(6), 0.8267054623991361), (np.uint8(4), np.uint8(6), 0.8169322569322569), (np.uint8(5), np.uint8(7), 0.9653732835271216)]

Model: kNN
Stage: test
eval_time: 28.015037775039673
evals.accuracy: 0.8483
evals.precision: 0.8520615941176211
evals.recall: 0.8483
evals.f1: 0.8481758846976906
evals.cm: [[845   0  17  14   2   0 117   1   4   0]
 [  9 970   2  12   4   0   2   0   1   0]
 [ 28   1 806   9  81   0  75   0   0   0]
 [ 45   9  20 851  34   0  39   0   2   0]
 [  4   3 146  23 735   0  87   0   2   0]
 [  2   0   0   1   0 821   4  97   1  74]
 [176   2 139  19  68   0 584   0  12   0]
 [  0   0   0   0   0   4   0 952   0  44]
 [  8   1  10   3   4   2  15   6 951   0]
 [  0   0   0   0   0   2   0  29   1 968]]
evals.class_probabilities: [[0.         0.         0.         ... 0.         0.         1.        ]
 [0.         0.         1.         ... 0.         0.         0.        ]
 [0.         1.         0.         ... 0.         0.         0.        ]
 ...
 [0.         0.         0.         ... 0.         1.         0.        ]
 [0.         1.         0.         ... 0.         0.         0.        ]
 [0.         0.         0.         ... 0.66666667 0.         0.        ]]
evals.ovr: {np.uint8(0): 0.9543931666666666, np.uint8(1): 0.9907961666666666, np.uint8(2): 0.9387239999999999, np.uint8(3): 0.9590384444444445, np.uint8(4): 0.9351102222222222, np.uint8(5): 0.9556955555555556, np.uint8(6): 0.8698565, np.uint8(7): 0.9894025000000001, np.uint8(8): 0.9848589444444444, np.uint8(9): 0.9904855555555555}
evals.ovo_best: [(np.uint8(0), np.uint8(9), 0.994), (np.uint8(1), np.uint8(5), 0.956), (np.uint8(1), np.uint8(7), 0.9935)]
evals.ovo_worst: [(np.uint8(0), np.uint8(6), 0.8052515), (np.uint8(2), np.uint8(4), 0.8955385), (np.uint8(2), np.uint8(6), 0.8331485), (np.uint8(4), np.uint8(6), 0.8235785), (np.uint8(5), np.uint8(7), 0.9684685000000001)]

