Model: kNN (k=15)
Stage: train
train_time: 0.10817980766296387

Model: kNN (k=15)
Stage: validation
eval_time: 29.11074662208557
evals.accuracy: 0.8418888888888889
evals.precision: 0.8462253962458042
evals.recall: 0.8418888888888889
evals.f1: 0.8419300130907723
evals.cm: [[782   0  14  22   7   0  67   0   7   0]
 [  3 872   3  20   0   0   7   0   1   0]
 [ 18   0 701   4 104   0  73   1   0   0]
 [ 34   6   6 787  46   0  23   0   2   1]
 [  4   1  71  19 710   0 115   0   4   0]
 [  0   0   2   0   0 722  22 101   3  66]
 [171   0 113  22  70   0 541   0   8   0]
 [  0   0   0   0   0   0   1 784   0  45]
 [  3   1  17   5  12   4  24  14 823   2]
 [  1   0   1   1   0   2   2  27   0 855]]
evals.class_probabilities: [[0.         0.         0.         ... 0.         1.         0.        ]
 [0.         0.         0.         ... 0.         1.         0.        ]
 [0.         0.         0.         ... 1.         0.         0.        ]
 ...
 [0.         0.         0.         ... 0.06666667 0.         0.        ]
 [0.         0.         0.         ... 0.         0.         0.        ]
 [0.         0.         0.06666667 ... 0.13333333 0.06666667 0.        ]]
evals.ovr: {np.uint8(0): 0.9806806421542049, np.uint8(1): 0.9953436197526743, np.uint8(2): 0.9709677644805904, np.uint8(3): 0.991179194578196, np.uint8(4): 0.9676134085495156, np.uint8(5): 0.9879982211884386, np.uint8(6): 0.9328573675843026, np.uint8(7): 0.9956472401232839, np.uint8(8): 0.9865299158132536, np.uint8(9): 0.9962291345932885}
evals.ovo_best: []
evals.ovo_worst: []

