Model: kNN (k=25)
Stage: train
train_time: 0.06248068809509277

Model: kNN (k=25)
Stage: validation
eval_time: 19.741130352020264
evals.accuracy: 0.8366666666666667
evals.precision: 0.8416173291018997
evals.recall: 0.8366666666666667
evals.f1: 0.8367596380296047
evals.cm: [[778   0  13  27   8   0  67   0   6   0]
 [  3 869   3  22   0   0   8   0   1   0]
 [ 11   0 691   5 110   0  83   1   0   0]
 [ 34   5   4 782  51   0  27   0   1   1]
 [  3   2  71  17 707   0 120   0   4   0]
 [  0   0   2   0   0 705  24 113   3  69]
 [171   0 111  23  74   0 535   0  11   0]
 [  0   0   0   0   0   0   1 787   0  42]
 [  3   1  20   5  15   3  19  16 822   1]
 [  1   0   1   1   0   3   2  27   0 854]]
evals.class_probabilities: [[0.   0.   0.   ... 0.   1.   0.  ]
 [0.   0.   0.   ... 0.   1.   0.  ]
 [0.   0.   0.   ... 1.   0.   0.  ]
 ...
 [0.   0.   0.   ... 0.04 0.   0.  ]
 [0.   0.   0.   ... 0.04 0.   0.  ]
 [0.   0.   0.08 ... 0.12 0.08 0.  ]]
evals.ovr: {np.uint8(0): 0.9817842700313436, np.uint8(1): 0.9969209061736516, np.uint8(2): 0.9718424151513478, np.uint8(3): 0.9923542600131725, np.uint8(4): 0.972591080085508, np.uint8(5): 0.9919717151135781, np.uint8(6): 0.9365310350598276, np.uint8(7): 0.9955521965462832, np.uint8(8): 0.9874643989366604, np.uint8(9): 0.9964911071481618}
evals.ovo_best: []
evals.ovo_worst: []

