Model: kNN (k=20)
Stage: train
train_time: 0.06778717041015625

Model: kNN (k=20)
Stage: validation
eval_time: 17.452895402908325
evals.accuracy: 0.8384444444444444
evals.precision: 0.8429354984436337
evals.recall: 0.8384444444444444
evals.f1: 0.8384657485900208
evals.cm: [[783   0  12  27   8   0  63   0   6   0]
 [  3 872   3  20   0   0   7   0   1   0]
 [ 15   0 691   6 109   0  79   1   0   0]
 [ 36   4   5 780  52   0  25   0   2   1]
 [  4   1  73  20 704   0 118   0   4   0]
 [  0   0   1   0   0 719  24  97   3  72]
 [177   0 108  20  75   0 534   0  11   0]
 [  0   0   0   0   0   0   1 791   0  38]
 [  3   1  17   6  14   4  22  15 821   2]
 [  1   0   1   1   0   2   2  31   0 851]]
evals.class_probabilities: [[0.   0.   0.   ... 0.   1.   0.  ]
 [0.   0.   0.   ... 0.   1.   0.  ]
 [0.   0.   0.   ... 1.   0.   0.  ]
 ...
 [0.   0.   0.   ... 0.05 0.   0.  ]
 [0.   0.   0.   ... 0.05 0.   0.  ]
 [0.   0.   0.1  ... 0.1  0.1  0.  ]]
evals.ovr: {np.uint8(0): 0.9809763389048634, np.uint8(1): 0.995875859315297, np.uint8(2): 0.9724062616354577, np.uint8(3): 0.9915309566303462, np.uint8(4): 0.9720768902139629, np.uint8(5): 0.9900191682746013, np.uint8(6): 0.9339336289850222, np.uint8(7): 0.995749730869623, np.uint8(8): 0.9869753172785876, np.uint8(9): 0.9966150205826663}
evals.ovo_best: []
evals.ovo_worst: []

