Model: kNN (k=1)
Stage: train
train_time: 0.06602096557617188

Model: kNN (k=1)
Stage: validation
eval_time: 170.1803343296051
evals.accuracy: 0.841
evals.precision: 0.8436051612868805
evals.recall: 0.841
evals.f1: 0.8414574450248921
evals.cm: [[743   1  12  29   5   0 103   0   6   0]
 [  4 884   2  13   0   0   2   0   0   1]
 [ 19   1 673   6 101   0  98   1   2   0]
 [ 54  14  12 755  41   0  25   0   4   0]
 [  1   1 111  32 673   0 103   0   3   0]
 [  2   0   0   0   0 792   7  64   1  50]
 [137   3 107  26  83   0 562   0   7   0]
 [  0   0   0   0   0   2   0 782   0  46]
 [  8   0   9   4   9   3  19   4 846   3]
 [  0   0   0   0   0   2   2  26   0 859]]
evals.class_probabilities: [[0. 0. 0. ... 0. 1. 0.]
 [0. 0. 0. ... 0. 1. 0.]
 [0. 0. 0. ... 1. 0. 0.]
 ...
 [0. 0. 0. ... 0. 0. 0.]
 [0. 0. 0. ... 0. 0. 0.]
 [0. 0. 0. ... 0. 0. 0.]]
evals.ovr: {np.uint8(0): 0.8993497554992249, np.uint8(1): 0.9866232365729173, np.uint8(2): 0.8578547056206087, np.uint8(3): 0.9103327543432785, np.uint8(4): 0.8493805600046314, np.uint8(5): 0.9318814564971727, np.uint8(6): 0.7815546816166011, np.uint8(7): 0.9652703838610255, np.uint8(8): 0.9659826848985972, np.uint8(9): 0.97696264110495}
evals.ovo_best: []
evals.ovo_worst: []

