Model: kNN (k=3)
Stage: train
train_time: 0.0632467269897461

Model: kNN (k=3)
Stage: validation
eval_time: 19.102737188339233
evals.accuracy: 0.8502222222222222
evals.precision: 0.8532788767742758
evals.recall: 0.8502222222222222
evals.f1: 0.8499514169303215
evals.cm: [[785   0  11  22   4   0  72   0   5   0]
 [  3 882   1  16   0   0   2   0   1   1]
 [ 29   0 714   7  77   1  71   1   1   0]
 [ 60   7  15 765  36   0  22   0   0   0]
 [  5   1 100  31 697   0  87   0   3   0]
 [  1   0   0   1   1 773   9  68   2  61]
 [161   0 118  20  69   0 551   0   6   0]
 [  0   0   0   0   0   2   0 789   0  39]
 [ 10   1  11   4  13   4  12   9 837   4]
 [  0   0   0   0   0   2   2  26   0 859]]
evals.class_probabilities: [[0.         0.         0.         ... 0.         1.         0.        ]
 [0.         0.         0.         ... 0.         1.         0.        ]
 [0.         0.         0.         ... 1.         0.         0.        ]
 ...
 [0.         0.         0.         ... 0.         0.         0.        ]
 [0.         0.         0.         ... 0.         0.         0.        ]
 [0.         0.         0.         ... 0.         0.33333333 0.        ]]
evals.ovr: {np.uint8(0): 0.9594617399162053, np.uint8(1): 0.9916313067592651, np.uint8(2): 0.9318775601432825, np.uint8(3): 0.9613418691709976, np.uint8(4): 0.9333729461886965, np.uint8(5): 0.9623190938378466, np.uint8(6): 0.8643193707639527, np.uint8(7): 0.9871057055639939, np.uint8(8): 0.9789254672586242, np.uint8(9): 0.9902099372333728}
evals.ovo_best: []
evals.ovo_worst: []

