Model: kNN (k=10)
Stage: train
train_time: 0.06974506378173828

Model: kNN (k=10)
Stage: validation
eval_time: 17.406938552856445
evals.accuracy: 0.848
evals.precision: 0.8509681527731169
evals.recall: 0.848
evals.f1: 0.84747808375646
evals.cm: [[785   0  17  26   5   0  61   0   5   0]
 [  4 879   3  15   0   0   4   0   1   0]
 [ 18   0 711   4  92   1  74   1   0   0]
 [ 38   6   8 784  43   0  24   0   2   0]
 [  2   1  72  22 722   0 101   0   4   0]
 [  0   0   0   0   0 751  15  85   3  62]
 [188   0 119  18  76   0 518   0   6   0]
 [  0   0   0   0   0   1   1 796   0  32]
 [  4   1  16   5  12   2  22  12 829   2]
 [  1   0   0   0   0   2   2  27   0 857]]
evals.class_probabilities: [[0.  0.  0.  ... 0.  1.  0. ]
 [0.  0.  0.  ... 0.  1.  0. ]
 [0.  0.  0.  ... 1.  0.  0. ]
 ...
 [0.  0.  0.  ... 0.  0.  0. ]
 [0.  0.  0.  ... 0.  0.  0. ]
 [0.  0.  0.1 ... 0.1 0.1 0. ]]
evals.ovr: {np.uint8(0): 0.9784619896828128, np.uint8(1): 0.9943036866487645, np.uint8(2): 0.9663710007086281, np.uint8(3): 0.9879737509341759, np.uint8(4): 0.9592812410884477, np.uint8(5): 0.985406439265442, np.uint8(6): 0.9180206509915487, np.uint8(7): 0.9955629617613663, np.uint8(8): 0.9833522500418034, np.uint8(9): 0.9952819283731809}
evals.ovo_best: []
evals.ovo_worst: []

