Model: kNN (k=5)
Stage: train
train_time: 0.06622004508972168

Model: kNN (k=5)
Stage: validation
eval_time: 19.98619294166565
evals.accuracy: 0.8472222222222222
evals.precision: 0.8497218400026479
evals.recall: 0.8472222222222222
evals.f1: 0.8464912449418212
evals.cm: [[784   0  13  24   6   0  68   0   4   0]
 [  2 879   3  17   0   0   4   0   1   0]
 [ 25   0 717   4  88   1  63   2   1   0]
 [ 44   4  12 787  38   0  19   0   1   0]
 [  3   1  95  27 701   0  94   0   3   0]
 [  1   0   0   0   1 758  12  79   2  63]
 [173   0 116  23  86   0 520   0   7   0]
 [  0   0   0   0   0   1   1 786   0  42]
 [  5   1  13   7  13   4  16  10 834   2]
 [  0   0   0   0   0   3   2  25   0 859]]
evals.class_probabilities: [[0.  0.  0.  ... 0.  1.  0. ]
 [0.  0.  0.  ... 0.  1.  0. ]
 [0.  0.  0.  ... 1.  0.  0. ]
 ...
 [0.  0.  0.  ... 0.  0.  0. ]
 [0.  0.  0.  ... 0.  0.  0. ]
 [0.  0.  0.2 ... 0.  0.2 0. ]]
evals.ovr: {np.uint8(0): 0.9716959097731518, np.uint8(1): 0.9927071043276817, np.uint8(2): 0.9493557048396242, np.uint8(3): 0.9785643549152161, np.uint8(4): 0.9478600481572249, np.uint8(5): 0.9714216609875779, np.uint8(6): 0.8979567902267593, np.uint8(7): 0.9942723894353424, np.uint8(8): 0.9801725367613184, np.uint8(9): 0.9937967700406578}
evals.ovo_best: []
evals.ovo_worst: []

