Model: kNN (k=7)
Stage: train
train_time: 0.06788158416748047

Model: kNN (k=7)
Stage: validation
eval_time: 17.43134617805481
evals.accuracy: 0.8488888888888889
evals.precision: 0.8515881990941517
evals.recall: 0.8488888888888889
evals.f1: 0.8484439017450317
evals.cm: [[781   0  14  25   6   0  67   0   6   0]
 [  3 878   3  17   0   0   4   0   1   0]
 [ 18   1 711   3  92   1  74   1   0   0]
 [ 39   6   8 785  42   0  23   0   2   0]
 [  5   1  72  23 719   0 101   0   3   0]
 [  0   0   1   0   0 753  13  87   2  60]
 [173   0 117  23  75   0 530   0   7   0]
 [  0   0   0   0   0   1   1 789   0  39]
 [  6   1  13   4  14   4  17  10 833   3]
 [  1   0   0   0   0   2   2  23   0 861]]
evals.class_probabilities: [[0.         0.         0.         ... 0.         1.         0.        ]
 [0.         0.         0.         ... 0.         1.         0.        ]
 [0.         0.         0.         ... 1.         0.         0.        ]
 ...
 [0.         0.         0.         ... 0.         0.         0.        ]
 [0.         0.         0.         ... 0.         0.         0.        ]
 [0.         0.         0.14285714 ... 0.         0.14285714 0.        ]]
evals.ovr: {np.uint8(0): 0.9744989529437789, np.uint8(1): 0.9926843992579465, np.uint8(2): 0.9606165324530686, np.uint8(3): 0.9846184296288208, np.uint8(4): 0.9529407720808166, np.uint8(5): 0.9773578301199848, np.uint8(6): 0.9094045351853403, np.uint8(7): 0.9950491070770228, np.uint8(8): 0.9818005111947558, np.uint8(9): 0.995198163723555}
evals.ovo_best: []
evals.ovo_worst: []

