Model: Logistic Regression
Stage: train
train_time: 136.4955117702484

Model: Logistic Regression
Stage: validation
eval_time: 1.5506408214569092
evals.accuracy: 0.8352222222222222
evals.precision: 0.8340474861761206
evals.recall: 0.8352222222222222
evals.f1: 0.8341134022212633
evals.cm: [[730   8  19  41  11   1  81   0   6   2]
 [  1 871   4  24   1   0   4   0   1   0]
 [ 20   5 655   5 128   1  81   0   6   0]
 [ 44  21   7 773  26   0  25   0   9   0]
 [  4   3  79  32 727   0  72   0   7   0]
 [  0   1   1   1   0 826   0  42  12  33]
 [138   6  99  32 110   0 519   0  21   0]
 [  0   0   0   0   0  29   0 761   1  39]
 [  9   0  12   7   7   9  30   6 824   1]
 [  0   0   0   0   0  23   1  33   1 831]]
evals.class_probabilities: [[2.46797632e-14 6.68953326e-15 1.14295198e-10 ... 8.24025149e-19
  2.19629644e-04 1.34509551e-30]
 [8.30965356e-08 2.24019178e-15 1.88901536e-08 ... 1.56068129e-23
  9.99999747e-01 1.89987917e-29]
 [3.32887118e-14 3.25019366e-19 6.23596224e-13 ... 9.99726594e-01
  2.38878714e-08 1.01606510e-04]
 ...
 [3.13397316e-07 5.81924399e-07 2.69107732e-07 ... 2.59544366e-02
  7.89685084e-06 2.67647100e-04]
 [6.43365938e-08 1.47476471e-07 6.29101807e-06 ... 2.06315744e-04
  5.30164361e-05 2.86742832e-05]
 [2.89004535e-01 1.18545980e-01 1.74846547e-01 ... 9.22586788e-08
  2.04625432e-02 2.59924700e-09]]
evals.ovr: {np.uint8(0): 0.9802065112602998, np.uint8(1): 0.9976974468319542, np.uint8(2): 0.9698207490298676, np.uint8(3): 0.9887269612577165, np.uint8(4): 0.9731504977604531, np.uint8(5): 0.9957397382073383, np.uint8(6): 0.932103957827797, np.uint8(7): 0.996033091976228, np.uint8(8): 0.9894539634656138, np.uint8(9): 0.996366222931294}
evals.ovo_best: [(np.uint8(0), np.uint8(7), 0.9999772169880858), (np.uint8(1), np.uint8(7), 0.99998404212878), (np.uint8(1), np.uint8(9), 0.9999192981671993)]
evals.ovo_worst: [(np.uint8(0), np.uint8(6), 0.8304602711721732), (np.uint8(2), np.uint8(4), 0.8996497398273203), (np.uint8(4), np.uint8(6), 0.8447654147654148), (np.uint8(2), np.uint8(6), 0.824020157782644), (np.uint8(0), np.uint8(3), 0.9703365925306818)]

