Model: MLP
Stage: train
train_time: 303.62907814979553

Model: MLP
Stage: validation
eval_time: 9.656205892562866
evals.accuracy: 0.855
evals.precision: 0.854903053747095
evals.recall: 0.855
evals.f1: 0.8526148032567857
evals.cm: [[755   3  30  32   3   1  72   0   3   0]
 [  1 883   0  18   2   0   1   0   1   0]
 [  9   1 752   8  95   0  36   0   0   0]
 [ 41   9  10 802  25   0  13   0   5   0]
 [  1   2  99  49 710   0  58   0   5   0]
 [  0   0   0   0   0 879   0  16   6  15]
 [163   4 138  29 104   0 478   0   9   0]
 [  0   0   0   1   0  24   0 745   7  53]
 [  3   1  30   5   4   2  17   4 839   0]
 [  0   1   0   1   0  15   0  19   1 852]]
evals.class_probabilities: [[1.18814390e-37 2.58762477e-47 1.33374192e-28 ... 1.76613729e-39
  1.00000000e+00 2.27254465e-35]
 [2.62592646e-21 1.03982193e-27 8.26667542e-23 ... 1.72271903e-20
  1.00000000e+00 9.22000398e-22]
 [1.12557635e-24 3.00699076e-53 3.08718494e-72 ... 9.99999997e-01
  1.38248574e-25 2.97518386e-09]
 ...
 [2.07807939e-37 1.11228583e-62 3.84489558e-97 ... 5.81730862e-29
  2.23199112e-52 2.91537651e-38]
 [1.76782065e-65 5.51012320e-63 1.38943772e-38 ... 5.12818993e-26
  6.48506186e-30 8.02528524e-44]
 [2.05583108e-01 4.06646544e-03 2.03207124e-01 ... 3.43876831e-12
  3.46248535e-03 1.43066299e-08]]
evals.ovr: {np.uint8(0): 0.9843845752162047, np.uint8(1): 0.9969831576110939, np.uint8(2): 0.978461324680881, np.uint8(3): 0.9911468439354489, np.uint8(4): 0.9763116196994354, np.uint8(5): 0.997591136408324, np.uint8(6): 0.9458763283407247, np.uint8(7): 0.9967285543643362, np.uint8(8): 0.9922473117912632, np.uint8(9): 0.9966585671058162}
evals.ovo_best: [(np.uint8(0), np.uint8(7), 0.999475990725974), (np.uint8(0), np.uint8(9), 0.9992492595822631), (np.uint8(1), np.uint8(5), 0.9999686707732053)]
evals.ovo_worst: [(np.uint8(0), np.uint8(6), 0.8506412530439226), (np.uint8(2), np.uint8(4), 0.9106968687989776), (np.uint8(2), np.uint8(6), 0.8761208267090618), (np.uint8(4), np.uint8(6), 0.8756721656721657), (np.uint8(3), np.uint8(4), 0.9745366051995885)]

Model: MLP
Stage: test
eval_time: 6.2319495677948
evals.accuracy: 0.8517
evals.precision: 0.852222815676382
evals.recall: 0.8517
evals.f1: 0.8492474311920505
evals.cm: [[832   9  40  42   4   2  64   0   7   0]
 [  5 961   4  25   3   0   1   0   1   0]
 [  8   2 810  15 115   0  48   0   2   0]
 [ 30  14  22 879  27   1  24   0   3   0]
 [  1   4 131  53 757   0  52   0   2   0]
 [  0   1   0   1   0 969   0  17   1  11]
 [168   2 169  47 111   0 494   0   9   0]
 [  1   0   0   0   0  29   0 924   7  39]
 [  3   0  28   6   5   4  17   4 933   0]
 [  0   0   1   1   0  12   0  28   0 958]]
evals.class_probabilities: [[3.31221640e-022 2.99192241e-018 1.96503810e-053 ... 1.12226941e-002
  9.00549986e-027 9.88774128e-001]
 [1.41219645e-004 2.27990546e-004 7.86411740e-001 ... 7.56264091e-056
  2.42966623e-004 4.75669553e-037]
 [1.09969011e-027 1.00000000e+000 2.36064831e-128 ... 3.36860468e-309
  3.63935921e-044 2.36298411e-192]
 ...
 [1.44394924e-011 5.06230466e-014 6.26613517e-009 ... 3.53264312e-038
  9.99992868e-001 1.01344325e-026]
 [1.26814735e-017 9.99999999e-001 3.98671467e-081 ... 2.42015640e-125
  7.26979527e-020 1.44460284e-077]
 [1.23069491e-033 6.39939725e-038 1.24667113e-017 ... 2.33068246e-013
  3.00917962e-014 1.52538881e-016]]
evals.ovr: {np.uint8(0): 0.9817410000000001, np.uint8(1): 0.9972507222222223, np.uint8(2): 0.9720690555555557, np.uint8(3): 0.9875751666666667, np.uint8(4): 0.9745524999999999, np.uint8(5): 0.9975801111111111, np.uint8(6): 0.9400355, np.uint8(7): 0.996621222222222, np.uint8(8): 0.9960381111111111, np.uint8(9): 0.997386611111111}
evals.ovo_best: [(np.uint8(0), np.uint8(9), 0.999339), (np.uint8(1), np.uint8(7), 0.999954), (np.uint8(1), np.uint8(9), 0.9999454999999999)]
evals.ovo_worst: [(np.uint8(2), np.uint8(4), 0.9022095), (np.uint8(0), np.uint8(6), 0.83955), (np.uint8(2), np.uint8(6), 0.8560205000000001), (np.uint8(4), np.uint8(6), 0.8648735000000001), (np.uint8(3), np.uint8(4), 0.9739715)]

