Model: Random Forest
Stage: train
train_time: 11.879693984985352

Model: Random Forest
Stage: validation
eval_time: 1.6025376319885254
evals.accuracy: 0.8811111111111111
evals.precision: 0.8803659371337844
evals.recall: 0.8811111111111111
evals.f1: 0.8795212588749474
evals.cm: [[786   0  16  31   4   0  57   0   5   0]
 [  0 878   3  21   2   0   1   0   1   0]
 [  7   0 745   4  91   0  51   0   3   0]
 [ 17   2   5 830  30   0  20   0   1   0]
 [  1   1  80  34 758   0  45   0   5   0]
 [  0   0   0   0   0 881   0  21   3  11]
 [138   0 105  31  90   0 550   0  11   0]
 [  0   0   0   0   0  12   0 781   0  37]
 [  0   0   4   4   6   4  10   5 872   0]
 [  0   0   0   0   0   8   0  29   3 849]]
evals.class_probabilities: [[0.   0.   0.   ... 0.   1.   0.  ]
 [0.   0.   0.   ... 0.   1.   0.  ]
 [0.   0.   0.   ... 0.98 0.   0.01]
 ...
 [0.   0.   0.   ... 0.   0.   0.  ]
 [0.   0.   0.   ... 0.   0.   0.01]
 [0.09 0.01 0.12 ... 0.   0.44 0.  ]]
evals.ovr: {np.uint8(0): 0.9900287650393758, np.uint8(1): 0.998870951201964, np.uint8(2): 0.9838917644975833, np.uint8(3): 0.9946229000235463, np.uint8(4): 0.9818971529131261, np.uint8(5): 0.9994499620793891, np.uint8(6): 0.9613964354447326, np.uint8(7): 0.9981938033652358, np.uint8(8): 0.9971723900231709, np.uint8(9): 0.9987241146083469}
evals.ovo_best: [(np.uint8(0), np.uint8(1), 0.9988201263606606), (np.uint8(0), np.uint8(5), 0.9999829990625198), (np.uint8(0), np.uint8(7), 0.9999946392913144)]
evals.ovo_worst: [(np.uint8(0), np.uint8(6), 0.8777458437302708), (np.uint8(2), np.uint8(4), 0.9293990323402088), (np.uint8(2), np.uint8(6), 0.9047526772055073), (np.uint8(4), np.uint8(6), 0.9171539721539722), (np.uint8(7), np.uint8(9), 0.9907327849079106)]

Model: Random Forest
Stage: test
eval_time: 1.80251145362854
evals.accuracy: 0.8745
evals.precision: 0.8735597747945514
evals.recall: 0.8745
evals.f1: 0.8730501086913438
evals.cm: [[855   0  10  27   4   1  93   0  10   0]
 [  3 960   4  22   4   0   5   0   2   0]
 [ 14   0 792   9 122   0  57   0   6   0]
 [ 24   3  13 902  29   0  26   0   2   1]
 [  0   1  94  33 826   0  44   0   2   0]
 [  0   0   0   1   0 961   0  26   2  10]
 [154   1 125  28  96   0 579   0  17   0]
 [  0   0   0   0   0  12   0 952   0  36]
 [  0   2   5   4   4   1   8   4 971   1]
 [  0   0   0   0   0   8   0  42   3 947]]
evals.class_probabilities: [[0.   0.   0.   ... 0.1  0.   0.84]
 [0.01 0.   0.75 ... 0.   0.04 0.  ]
 [0.   1.   0.   ... 0.   0.   0.  ]
 ...
 [0.   0.   0.01 ... 0.   0.91 0.  ]
 [0.   1.   0.   ... 0.   0.   0.  ]
 [0.   0.   0.   ... 0.3  0.18 0.05]]
evals.ovr: {np.uint8(0): 0.9870852777777778, np.uint8(1): 0.9986050555555556, np.uint8(2): 0.9803160555555557, np.uint8(3): 0.9933369999999999, np.uint8(4): 0.9830485555555555, np.uint8(5): 0.9992593888888889, np.uint8(6): 0.9556188888888889, np.uint8(7): 0.9981622777777779, np.uint8(8): 0.9975573888888889, np.uint8(9): 0.998534}
evals.ovo_best: [(np.uint8(0), np.uint8(7), 0.9999945), (np.uint8(0), np.uint8(9), 0.999959), (np.uint8(1), np.uint8(5), 0.9999945)]
evals.ovo_worst: [(np.uint8(0), np.uint8(6), 0.8525950000000001), (np.uint8(2), np.uint8(4), 0.9276565), (np.uint8(2), np.uint8(6), 0.894685), (np.uint8(4), np.uint8(6), 0.9113480000000002), (np.uint8(7), np.uint8(9), 0.9910135000000001)]

